29
Arachnoides_placenta          0.0000000 1.7285758 1.1560681 1.2888314 1.2021160 2.1225475 0.9518189 1.2011039 1.5167086 0.1814601 1.2188236 1.3593946 1.3118710 1.1964688 1.4773350 1.3559878 2.1204981 1.3461959 1.3047638 1.1938727 1.4527710 1.2545055 1.5565126 1.1516756 2.3518417 0.4046614 0.3859795 0.4277970 0.3684944 
Astriclypeus_mannii           1.7285758 0.0000000 1.2359196 1.2317145 1.1145880 1.8761678 0.8114696 1.2941573 0.5327773 0.1647274 1.0734971 1.1486742 1.3221946 0.9972598 1.0813624 1.1319473 1.7934424 1.1035637 1.0494423 1.0302538 1.1529762 0.9699888 0.3590887 0.8530780 2.3258066 0.3695350 0.3792019 0.4284339 0.2720880 
Clypeaster_japonicus          1.1560681 1.2359196 0.0000000 0.3067749 0.0406898 1.6926408 0.8242376 1.1012084 0.9916160 0.1807027 1.3854255 1.4817473 1.3738495 1.2475751 1.5351825 1.0788393 1.6432623 1.3580812 1.1954552 1.2924552 1.3189083 1.3958014 1.0513948 1.2954659 2.1679591 0.3752809 0.5012976 0.4369592 0.3391718 
Clypeaster_reticulatus        1.2888314 1.2317145 0.3067749 0.0000000 0.2368354 1.7669450 0.1887159 0.2726217 0.2315667 0.1826250 0.2479608 0.2582178 1.4463191 0.2504967 0.2664738 0.3234423 1.7928253 0.2428879 0.2341901 0.2502827 1.2942358 1.5571478 1.0177311 0.3003755 0.4506688 0.4677768 0.5911766 0.4837540 0.3787948 
Clypeaster_virescens          1.2021160 1.1145880 0.0406898 0.2368354 0.0000000 1.6905313 0.9172522 1.0646648 0.9552846 0.1709315 1.3035898 1.4475818 1.3558550 1.2161916 1.5199649 0.9723808 1.7914012 1.3665501 1.2153640 1.2483734 1.2145289 1.2691489 0.9573159 1.1527245 2.0706735 0.3738242 0.5075307 0.4753046 0.3365169 
Colobocentrotus_mertensii     2.1225475 1.8761678 1.6926408 1.7669450 1.6905313 0.0000000 1.4511248 1.7525525 1.8755543 0.3160253 1.8303319 1.8991049 1.9686131 1.6963724 1.7321101 1.3193081 2.2027861 1.7657237 1.6410005 1.7312967 2.1553704 2.0670618 1.5815663 1.8939850 1.6902822 0.5927673 0.6828227 0.6609052 0.4095264 
Conolampas_sigsbei            0.9518189 0.8114696 0.8242376 0.1887159 0.9172522 1.4511248 0.0000000 0.2339734 0.1897912 0.0137848 0.1704493 0.1794037 1.0330714 0.1728856 0.1857151 0.2931416 1.3938559 0.1795125 0.1749950 0.1672849 0.9549628 0.8809663 0.7742472 0.1754705 0.3966590 0.3695313 0.3775354 0.4082609 0.1995140 
Echinocyamus_pusillus         1.2011039 1.2941573 1.1012084 0.2726217 1.0646648 1.7525525 0.2339734 0.0000000 0.2858869 0.2128759 0.2692190 0.2733058 0.6936651 0.2763650 0.2868670 0.3523895 1.5347776 0.2859091 0.2835586 0.2700601 0.5798626 1.0829393 1.0168814 0.2709603 0.4072780 0.4010970 0.4542773 0.3448293 0.3902991 
Echinodiscus_bisperforatus    1.5167086 0.5327773 0.9916160 0.2315667 0.9552846 1.8755543 0.1897912 0.2858869 0.0000000 0.1980750 0.1905795 0.2015948 1.4922305 0.1866714 0.2064102 0.3025151 1.7099223 0.2013573 0.2004794 0.1940297 1.2927183 0.9457743 0.4063898 0.1920561 0.4263180 0.3097023 0.3521617 0.3982451 0.2476290 
Echinolampas_crassa           0.1814601 0.1647274 0.1807027 0.1826250 0.1709315 0.3160253 0.0137848 0.2128759 0.1980750 0.0000000 0.1348607 0.1434472 0.2982557 0.1556835 0.1323291 0.2876526 0.3631408 0.1394285 0.1622388 0.1294481 0.2628076 0.1294150 0.1824530 0.1679181 0.4532230 9.0000000 9.0000000 9.0000000 9.0000000 
Encope_aberrans               1.2188236 1.0734971 1.3854255 0.2479608 1.3035898 1.8303319 0.1704493 0.2692190 0.1905795 0.1348607 0.0000000 0.0303897 1.2706283 0.0538331 0.0560936 0.3227876 1.8543268 0.0563670 0.0600345 0.0696711 1.3344977 0.4315681 0.8733987 0.1054610 0.4014448 0.2017006 0.1902570 0.4754284 0.3115702 
Encope_grandis                1.3593946 1.1486742 1.4817473 0.2582178 1.4475818 1.8991049 0.1794037 0.2733058 0.2015948 0.1434472 0.0303897 0.0000000 1.4010597 0.0629702 0.0634405 0.3127670 2.0986613 0.0560644 0.0572288 0.0731159 1.5131129 0.4716086 0.9701465 0.1142687 0.4262366 0.2022912 0.1880583 0.4978392 0.3309546 
Laganum_fudsiyama             1.3118710 1.3221946 1.3738495 1.4463191 1.3558550 1.9686131 1.0330714 0.6936651 1.4922305 0.2982557 1.2706283 1.4010597 0.0000000 1.1942097 1.3131377 1.2771114 1.9261212 1.4039140 1.3353829 1.2224904 0.5719586 1.6330808 1.2598397 1.1838011 2.5677944 0.3730550 0.4328519 0.2263998 0.3398087 
Lanthonia_longifissa          1.1964688 0.9972598 1.2475751 0.2504967 1.2161916 1.6963724 0.1728856 0.2763650 0.1866714 0.1556835 0.0538331 0.0629702 1.1942097 0.0000000 0.0792626 0.3265541 1.7792818 0.0604257 0.0711303 0.0819324 1.3023303 0.4824498 0.7828967 0.1181281 0.3991427 0.2018562 0.2012065 0.4744663 0.2922682 
Leodia_sexiesperforata        1.4773350 1.0813624 1.5351825 0.2664738 1.5199649 1.7321101 0.1857151 0.2868670 0.2064102 0.1323291 0.0560936 0.0634405 1.3131377 0.0792626 0.0000000 0.3412163 2.0537799 0.0684924 0.0779159 0.0876162 1.4005348 0.5188223 0.9229752 0.1299240 0.4221130 0.2436314 0.2137719 0.4625607 0.3163562 
Linopneustes_longispinus      1.3559878 1.1319473 1.0788393 0.3234423 0.9723808 1.3193081 0.2931416 0.3523895 0.3025151 0.2876526 0.3227876 0.3127670 1.2771114 0.3265541 0.3412163 0.0000000 0.7883430 0.3170455 0.3147972 0.3152006 1.3701569 1.3672511 0.9495005 0.3301152 0.4147526 0.4456681 0.5438726 0.5904000 0.3620476 
Maretia_planulata             2.1204981 1.7934424 1.6432623 1.7928253 1.7914012 2.2027861 1.3938559 1.5347776 1.7099223 0.3631408 1.8543268 2.0986613 1.9261212 1.7792818 2.0537799 0.7883430 0.0000000 2.0549988 1.8996702 1.7094036 1.9601276 1.9547748 1.6119349 1.9941609 3.0713926 0.4972772 0.4754087 0.4934772 0.4811815 
Mellita_isometra              1.3461959 1.1035637 1.3580812 0.2428879 1.3665501 1.7657237 0.1795125 0.2859091 0.2013573 0.1394285 0.0563670 0.0560644 1.4039140 0.0604257 0.0684924 0.3170455 2.0549988 0.0000000 0.0486303 0.0751961 1.3800722 0.4707947 1.0162672 0.1126173 0.4140986 0.2336034 0.1892145 0.5245899 0.3547972 
Mellita_notabilis             1.3047638 1.0494423 1.1954552 0.2341901 1.2153640 1.6410005 0.1749950 0.2835586 0.2004794 0.1622388 0.0600345 0.0572288 1.3353829 0.0711303 0.0779159 0.3147972 1.8996702 0.0486303 0.0000000 0.0739261 1.2915003 0.5440464 0.8924887 0.1105656 0.4012440 0.2413433 0.2138855 0.4637266 0.3233996 
Mellitella_stokesii           1.1938727 1.0302538 1.2924552 0.2502827 1.2483734 1.7312967 0.1672849 0.2700601 0.1940297 0.1294481 0.0696711 0.0731159 1.2224904 0.0819324 0.0876162 0.3152006 1.7094036 0.0751961 0.0739261 0.0000000 1.3657246 0.5492108 0.9026451 0.1258644 0.3921489 0.2364624 0.2475890 0.4831965 0.3665868 
Peronella_lesueri             1.4527710 1.1529762 1.3189083 1.2942358 1.2145289 2.1553704 0.9549628 0.5798626 1.2927183 0.2628076 1.3344977 1.5131129 0.5719586 1.3023303 1.4005348 1.3701569 1.9601276 1.3800722 1.2915003 1.3657246 0.0000000 1.5388339 1.1365300 1.2081701 2.6443454 0.4060753 0.4379803 0.0867425 0.3019276 
Scaphechinus_mirabilis        1.2545055 0.9699888 1.3958014 1.5571478 1.2691489 2.0670618 0.8809663 1.0829393 0.9457743 0.1294150 0.4315681 0.4716086 1.6330808 0.4824498 0.5188223 1.3672511 1.9547748 0.4707947 0.5440464 0.5492108 1.5388339 0.0000000 1.0036252 0.3971184 2.4121701 0.1944160 0.1481605 0.5382692 0.3866310 
Sculpsitechinus_auritus       1.5565126 0.3590887 1.0513948 1.0177311 0.9573159 1.5815663 0.7742472 1.0168814 0.4063898 0.1824530 0.8733987 0.9701465 1.2598397 0.7828967 0.9229752 0.9495005 1.6119349 1.0162672 0.8924887 0.9026451 1.1365300 1.0036252 0.0000000 0.7953931 1.9600333 0.2940528 0.3580079 0.4196711 0.2390208 
Sinaechinocyamus_mai          1.1516756 0.8530780 1.2954659 0.3003755 1.1527245 1.8939850 0.1754705 0.2709603 0.1920561 0.1679181 0.1054610 0.1142687 1.1838011 0.1181281 0.1299240 0.3301152 1.9941609 0.1126173 0.1105656 0.1258644 1.2081701 0.3971184 0.7953931 0.0000000 0.5237373 0.1716253 0.1440240 0.4333254 0.3312577 
Strongylocentrotus_purpuratus 2.3518417 2.3258066 2.1679591 0.4506688 2.0706735 1.6902822 0.3966590 0.4072780 0.4263180 0.4532230 0.4014448 0.4262366 2.5677944 0.3991427 0.4221130 0.4147526 3.0713926 0.4140986 0.4012440 0.3921489 2.6443454 2.4121701 1.9600333 0.5237373 0.0000000 0.7257034 0.7626768 0.9587855 0.5102208 
Dendraster_excentricus        0.4046614 0.3695350 0.3752809 0.4677768 0.3738242 0.5927673 0.3695313 0.4010970 0.3097023 9.0000000 0.2017006 0.2022912 0.3730550 0.2018562 0.2436314 0.4456681 0.4972772 0.2336034 0.2413433 0.2364624 0.4060753 0.1944160 0.2940528 0.1716253 0.7257034 0.0000000 0.1318804 0.4934327 0.3593433 
Echinarachnius_parma          0.3859795 0.3792019 0.5012976 0.5911766 0.5075307 0.6828227 0.3775354 0.4542773 0.3521617 9.0000000 0.1902570 0.1880583 0.4328519 0.2012065 0.2137719 0.5438726 0.4754087 0.1892145 0.2138855 0.2475890 0.4379803 0.1481605 0.3580079 0.1440240 0.7626768 0.1318804 0.0000000 0.5343407 0.3716373 
Peronella_japonica            0.4277970 0.4284339 0.4369592 0.4837540 0.4753046 0.6609052 0.4082609 0.3448293 0.3982451 9.0000000 0.4754284 0.4978392 0.2263998 0.4744663 0.4625607 0.5904000 0.4934772 0.5245899 0.4637266 0.4831965 0.0867425 0.5382692 0.4196711 0.4333254 0.9587855 0.4934327 0.5343407 0.0000000 0.4168695 
Rhyncholampas_pacificus       0.3684944 0.2720880 0.3391718 0.3787948 0.3365169 0.4095264 0.1995140 0.3902991 0.2476290 9.0000000 0.3115702 0.3309546 0.3398087 0.2922682 0.3163562 0.3620476 0.4811815 0.3547972 0.3233996 0.3665868 0.3019276 0.3866310 0.2390208 0.3312577 0.5102208 0.3593433 0.3716373 0.4168695 0.0000000 
