29
Arachnoides_placenta          0.0000000 2.7146551 1.8677357 2.0775664 1.9282093 3.5278586 1.5239132 1.9229271 2.4425868 0.2689532 1.9849511 2.2287048 2.1062572 1.9432758 2.4146309 2.1350537 3.4245168 2.1942255 2.1186094 1.9488543 2.3132913 2.0520081 2.4770223 1.8479500 3.7571993 0.6202566 0.5923995 0.6386296 0.5478363 
Astriclypeus_mannii           2.7146551 0.0000000 2.0096913 2.0272282 1.8059083 3.1317328 1.2690981 2.0558575 0.8398430 0.2433901 1.7120776 1.8271624 2.0945533 1.5970416 1.7590614 1.7779658 2.8978533 1.7892897 1.6895059 1.6448234 1.8537465 1.5739340 0.5840397 1.4509709 3.6863083 0.5563057 0.5736863 0.6381820 0.4013179 
Clypeaster_japonicus          1.8677357 2.0096913 0.0000000 0.4764216 0.0621563 2.8195774 1.3165148 1.7915103 1.5964330 0.2671647 2.2992718 2.4221980 2.1801695 2.0321992 2.5291775 1.6684808 2.7526785 2.2112437 1.9265646 2.1091084 2.0725106 2.2592120 1.6724100 2.0787796 3.5327744 0.5733543 0.7719781 0.6499778 0.5127284 
Clypeaster_reticulatus        2.0775664 2.0272282 0.4764216 0.0000000 0.3684863 2.9199453 0.2871433 0.4196065 0.3484334 0.2699478 0.3777799 0.3937866 2.3414696 0.3787305 0.4058627 0.4981690 3.0179446 0.3680157 0.3528696 0.3800498 2.1170623 2.5424837 1.6790838 0.4511107 0.6826420 0.7129869 0.9197636 0.7174511 0.5698974 
Clypeaster_virescens          1.9282093 1.8059083 0.0621563 0.3684863 0.0000000 2.7974739 1.4672788 1.7397352 1.5407296 0.2527596 2.1650635 2.3576594 2.1753351 1.9781877 2.5180104 1.5056921 2.9868430 2.2022536 1.9497618 2.0331121 1.9602369 2.0758552 1.5370983 1.8664319 3.3979406 0.5679330 0.7745144 0.7178379 0.5194073 
Colobocentrotus_mertensii     3.5278586 3.1317328 2.8195774 2.9199453 2.7974739 0.0000000 2.3219471 2.9030775 3.0655249 0.4500466 3.0665570 3.2121052 3.2571540 2.8146878 2.9519847 2.1735121 3.6652393 2.9798372 2.7687813 2.9254899 3.4696058 3.5148738 2.6810639 3.1404437 2.8184621 0.9117415 1.0646113 0.9803119 0.6147694 
Conolampas_sigsbei            1.5239132 1.2690981 1.3165148 0.2871433 1.4672788 2.3219471 0.0000000 0.3621578 0.2780672 0.0204421 0.2585399 0.2709973 1.6490548 0.2629246 0.2819870 0.4533531 2.2425612 0.2715968 0.2630483 0.2527825 1.5105645 1.4183964 1.2078204 0.2632959 0.6259156 0.5541061 0.5841289 0.6220606 0.2965537 
Echinocyamus_pusillus         1.9229271 2.0558575 1.7915103 0.4196065 1.7397352 2.9030775 0.3621578 0.0000000 0.3867560 0.3826244 0.4075950 0.4136934 1.0748224 0.4169129 0.4371813 0.5566199 2.5352236 0.4423893 0.4270069 0.4163374 0.8940473 1.8007715 1.5902456 0.4166396 0.7170559 0.6062823 0.7134938 0.5285661 0.5802925 
Echinodiscus_bisperforatus    2.4425868 0.8398430 1.5964330 0.3484334 1.5407296 3.0655249 0.2780672 0.3867560 0.0000000 0.2929475 0.2859330 0.3023324 2.3746066 0.2802627 0.3134051 0.4574889 2.7844881 0.3023800 0.3002166 0.2907411 2.0380161 1.5498498 0.6339585 0.2846588 0.5940076 0.4661859 0.5435026 0.5906536 0.3663619 
Echinolampas_crassa           0.2689532 0.2433901 0.2671647 0.2699478 0.2527596 0.4500466 0.0204421 0.3826244 0.2929475 0.0000000 0.1781089 0.1901937 0.4332733 0.2080471 0.1762552 0.4359635 0.5275327 0.1869760 0.1986951 0.1758761 0.3857859 0.1911103 0.2695712 0.2481774 0.7949128 9.0000000 9.0000000 9.0000000 9.0000000 
Encope_aberrans               1.9849511 1.7120776 2.2992718 0.3777799 2.1650635 3.0665570 0.2585399 0.4075950 0.2859330 0.1781089 0.0000000 0.0429901 2.0509556 0.0754366 0.0797425 0.5048670 3.0630820 0.0785754 0.0824055 0.1010104 2.1316669 0.6739400 1.4225434 0.1532450 0.6139162 0.3091987 0.2889586 0.7095215 0.4756320 
Encope_grandis                2.2287048 1.8271624 2.4221980 0.3937866 2.3576594 3.2121052 0.2709973 0.4136934 0.3023324 0.1901937 0.0429901 0.0000000 2.2979893 0.0886386 0.0901666 0.4876590 3.4573219 0.0801507 0.0786631 0.1056728 2.4293021 0.7420412 1.5852637 0.1676580 0.6503220 0.3035185 0.2825796 0.7326455 0.4895374 
Laganum_fudsiyama             2.1062572 2.0945533 2.1801695 2.3414696 2.1753351 3.2571540 1.6490548 1.0748224 2.3746066 0.4332733 2.0509556 2.2979893 0.0000000 1.8873901 2.1041765 2.0174962 3.1585070 2.2745838 2.1178280 1.9796225 0.9140755 2.6508203 2.0187952 1.8927230 4.0721862 0.5734534 0.6612427 0.3398910 0.4943805 
Lanthonia_longifissa          1.9432758 1.5970416 2.0321992 0.3787305 1.9781877 2.8146878 0.2629246 0.4169129 0.2802627 0.2080471 0.0754366 0.0886386 1.8873901 0.0000000 0.1133887 0.5047363 2.9111465 0.0850340 0.0992130 0.1172646 2.0761439 0.7589690 1.2544126 0.1715814 0.6085909 0.3074799 0.3070770 0.7075268 0.4436950 
Leodia_sexiesperforata        2.4146309 1.7590614 2.5291775 0.4058627 2.5180104 2.9519847 0.2819870 0.4371813 0.3134051 0.1762552 0.0797425 0.0901666 2.1041765 0.1133887 0.0000000 0.5228960 3.4275398 0.0960137 0.1075955 0.1282187 2.2196347 0.8189920 1.5111283 0.1903867 0.6558269 0.3743652 0.3279329 0.6931408 0.4779444 
Linopneustes_longispinus      2.1350537 1.7779658 1.6684808 0.4981690 1.5056921 2.1735121 0.4533531 0.5566199 0.4574889 0.4359635 0.5048670 0.4876590 2.0174962 0.5047363 0.5228960 0.0000000 1.2416438 0.4939153 0.4912755 0.4934395 2.1556484 2.2199100 1.4617603 0.5054077 0.6645735 0.6752709 0.8299135 0.8818500 0.5365471 
Maretia_planulata             3.4245168 2.8978533 2.7526785 3.0179446 2.9868430 3.6652393 2.2425612 2.5352236 2.7844881 0.5275327 3.0630820 3.4573219 3.1585070 2.9111465 3.4275398 1.2416438 0.0000000 3.3556360 3.1229147 2.8089831 3.2092875 3.2051176 2.5845099 3.2652308 4.9585084 0.7527401 0.7284655 0.7622236 0.7265724 
Mellita_isometra              2.1942255 1.7892897 2.2112437 0.3680157 2.2022536 2.9798372 0.2715968 0.4423893 0.3023800 0.1869760 0.0785754 0.0801507 2.2745838 0.0850340 0.0960137 0.4939153 3.3556360 0.0000000 0.0669274 0.1090081 2.2067975 0.7470603 1.6583879 0.1657088 0.6286783 0.3561895 0.2881660 0.7848786 0.5246850 
Mellita_notabilis             2.1186094 1.6895059 1.9265646 0.3528696 1.9497618 2.7687813 0.2630483 0.4270069 0.3002166 0.1986951 0.0824055 0.0786631 2.1178280 0.0992130 0.1075955 0.4912755 3.1229147 0.0669274 0.0000000 0.1039933 2.0281739 0.8599821 1.4693380 0.1613131 0.6040546 0.3667354 0.3243807 0.6803598 0.4806464 
Mellitella_stokesii           1.9488543 1.6448234 2.1091084 0.3800498 2.0331121 2.9254899 0.2527825 0.4163374 0.2907411 0.1758761 0.1010104 0.1056728 1.9796225 0.1172646 0.1282187 0.4934395 2.8089831 0.1090081 0.1039933 0.0000000 2.2018060 0.8701373 1.4637381 0.1865160 0.5947515 0.3645775 0.3852893 0.7251258 0.5446888 
Peronella_lesueri             2.3132913 1.8537465 2.0725106 2.1170623 1.9602369 3.4696058 1.5105645 0.8940473 2.0380161 0.3857859 2.1316669 2.4293021 0.9140755 2.0761439 2.2196347 2.1556484 3.2092875 2.2067975 2.0281739 2.2018060 0.0000000 2.4728422 1.8138991 1.9353920 4.2399016 0.6040864 0.6616424 0.1282134 0.4416761 
Scaphechinus_mirabilis        2.0520081 1.5739340 2.2592120 2.5424837 2.0758552 3.5148738 1.4183964 1.8007715 1.5498498 0.1911103 0.6739400 0.7420412 2.6508203 0.7589690 0.8189920 2.2199100 3.2051176 0.7470603 0.8599821 0.8701373 2.4728422 0.0000000 1.6235240 0.6253750 4.1247410 0.2939340 0.2248553 0.8142099 0.5924843 
Sculpsitechinus_auritus       2.4770223 0.5840397 1.6724100 1.6790838 1.5370983 2.6810639 1.2078204 1.5902456 0.6339585 0.2695712 1.4225434 1.5852637 2.0187952 1.2544126 1.5111283 1.4617603 2.5845099 1.6583879 1.4693380 1.4637381 1.8138991 1.6235240 0.0000000 1.3299962 3.1962154 0.4413985 0.5508230 0.6297938 0.3544017 
Sinaechinocyamus_mai          1.8479500 1.4509709 2.0787796 0.4511107 1.8664319 3.1404437 0.2632959 0.4166396 0.2846588 0.2481774 0.1532450 0.1676580 1.8927230 0.1715814 0.1903867 0.5054077 3.2652308 0.1657088 0.1613131 0.1865160 1.9353920 0.6253750 1.3299962 0.0000000 0.8004377 0.2536898 0.2140316 0.6438392 0.5039650 
Strongylocentrotus_purpuratus 3.7571993 3.6863083 3.5327744 0.6826420 3.3979406 2.8184621 0.6259156 0.7170559 0.5940076 0.7949128 0.6139162 0.6503220 4.0721862 0.6085909 0.6558269 0.6645735 4.9585084 0.6286783 0.6040546 0.5947515 4.2399016 4.1247410 3.1962154 0.8004377 0.0000000 1.1099544 1.1767068 1.3987749 0.7729828 
Dendraster_excentricus        0.6202566 0.5563057 0.5733543 0.7129869 0.5679330 0.9117415 0.5541061 0.6062823 0.4661859 9.0000000 0.3091987 0.3035185 0.5734534 0.3074799 0.3743652 0.6752709 0.7527401 0.3561895 0.3667354 0.3645775 0.6040864 0.2939340 0.4413985 0.2536898 1.1099544 0.0000000 0.2005623 0.7698143 0.5374808 
Echinarachnius_parma          0.5923995 0.5736863 0.7719781 0.9197636 0.7745144 1.0646113 0.5841289 0.7134938 0.5435026 9.0000000 0.2889586 0.2825796 0.6612427 0.3070770 0.3279329 0.8299135 0.7284655 0.2881660 0.3243807 0.3852893 0.6616424 0.2248553 0.5508230 0.2140316 1.1767068 0.2005623 0.0000000 0.8291629 0.5620513 
Peronella_japonica            0.6386296 0.6381820 0.6499778 0.7174511 0.7178379 0.9803119 0.6220606 0.5285661 0.5906536 9.0000000 0.7095215 0.7326455 0.3398910 0.7075268 0.6931408 0.8818500 0.7622236 0.7848786 0.6803598 0.7251258 0.1282134 0.8142099 0.6297938 0.6438392 1.3987749 0.7698143 0.8291629 0.0000000 0.6155119 
Rhyncholampas_pacificus       0.5478363 0.4013179 0.5127284 0.5698974 0.5194073 0.6147694 0.2965537 0.5802925 0.3663619 9.0000000 0.4756320 0.4895374 0.4943805 0.4436950 0.4779444 0.5365471 0.7265724 0.5246850 0.4806464 0.5446888 0.4416761 0.5924843 0.3544017 0.5039650 0.7729828 0.5374808 0.5620513 0.6155119 0.0000000 
