28
Arachnoides_placenta       0.0000000 2.6378601 1.8410093 2.0400532 1.9106982 3.2355693 1.5222918 1.9491338 2.3465741 0.2674270 1.9163361 2.1475554 2.0064398 1.8956431 2.3159815 2.2929838 3.2398236 2.1261941 2.0490733 1.8806970 2.2257498 1.9803642 2.4110252 1.7798260 0.5286126 0.5057681 0.5589133 0.4811233 
Astriclypeus_mannii        2.6378601 0.0000000 1.9260617 1.5428281 1.4037853 2.9217119 1.2786307 2.0467921 0.8268367 0.2422681 1.6731619 1.7925411 1.6106462 1.5417541 1.6920273 1.8228694 2.6573530 1.7322384 1.6327797 1.6082152 1.4115915 1.5320368 0.5280029 1.0367813 0.4778341 0.4911395 0.5459590 0.3539392 
Clypeaster_japonicus       1.8410093 1.9260617 0.0000000 0.4726799 0.0603481 2.6783060 1.3362994 1.8394398 1.5341737 0.2854355 2.2055362 2.3527693 2.1411028 1.9865355 2.4409925 1.7532484 2.5410361 2.1678788 1.8839829 2.0384730 2.0445332 2.2032326 1.6401978 2.0337530 0.4918327 0.6477823 0.5651382 0.4420189 
Clypeaster_reticulatus     2.0400532 1.5428281 0.4726799 0.0000000 0.3338152 2.7677795 0.2807809 0.4140839 0.3324351 0.2950790 0.3595298 0.3761663 1.8050504 0.3654323 0.3890029 0.5086923 2.7715680 0.3546157 0.3374033 0.3656455 1.6319894 2.4773836 1.3066987 0.3717866 0.6066367 0.7585383 0.6233975 0.4913697 
Clypeaster_virescens       1.9106982 1.4037853 0.0603481 0.3338152 0.0000000 2.6778015 1.5126331 1.7740097 1.4791663 0.2691608 2.0740623 2.2957823 1.6538237 1.9286773 2.4247004 1.6065617 2.7857897 2.1695942 1.9219566 1.9702728 1.5001821 2.0166364 1.2147198 1.4542430 0.4892307 0.6545114 0.6151785 0.4419041 
Colobocentrotus_mertensii  3.2355693 2.9217119 2.6783060 2.7677795 2.6778015 0.0000000 2.3078199 2.7994985 2.8654056 0.4758289 2.8323497 2.9708737 3.0474473 2.6257949 2.7029757 2.3102847 3.4216830 2.7255730 2.5211721 2.7004490 3.3512806 3.2574614 2.5127624 2.9018664 0.7556591 0.8647474 0.8348034 0.5290895 
Conolampas_sigsbei         1.5222918 1.2786307 1.3362994 0.2807809 1.5126331 2.3078199 0.0000000 0.3491450 0.2672456 0.0196866 0.2472853 0.2600433 1.6031630 0.2524546 0.2699328 0.4488139 2.0497550 0.2608811 0.2529540 0.2430362 1.5115627 1.4330547 1.2309286 0.2505632 0.4802189 0.4909498 0.5308168 0.2622477 
Echinocyamus_pusillus      1.9491338 2.0467921 1.8394398 0.4140839 1.7740097 2.7994985 0.3491450 0.0000000 0.3736684 0.3902073 0.3918419 0.3985128 1.0765629 0.4014558 0.4203999 0.5648982 2.3362716 0.4271292 0.4130954 0.3986104 0.9079893 1.7427643 1.6264638 0.4015231 0.5248839 0.5932225 0.4504646 0.5052297 
Echinodiscus_bisperforatus 2.3465741 0.8268367 1.5341737 0.3324351 1.4791663 2.8654056 0.2672456 0.3736684 0.0000000 0.2926260 0.2708482 0.2868836 2.2724591 0.2656724 0.2949115 0.4604430 2.5319157 0.2880555 0.2858024 0.2760744 1.9457388 1.4866558 0.6307312 0.2697220 0.4070245 0.4622443 0.5205478 0.3240483 
Echinolampas_crassa        0.2674270 0.2422681 0.2854355 0.2950790 0.2691608 0.4758289 0.0196866 0.3902073 0.2926260 0.0000000 0.1768307 0.1901340 0.4230876 0.2082952 0.1751692 0.4553872 0.4816447 0.1871653 0.1982422 0.1754610 0.3909904 0.1910175 0.2701614 0.2477012 9.0000000 9.0000000 9.0000000 9.0000000 
Encope_aberrans            1.9163361 1.6731619 2.2055362 0.3595298 2.0740623 2.8323497 0.2472853 0.3918419 0.2708482 0.1768307 0.0000000 0.0421277 1.9450781 0.0730671 0.0769500 0.5045057 2.8142200 0.0767610 0.0802515 0.0969169 2.0573289 0.6750545 1.3595364 0.1471016 0.2653234 0.2511159 0.6146602 0.4132408 
Encope_grandis             2.1475554 1.7925411 2.3527693 0.3761663 2.2957823 2.9708737 0.2600433 0.3985128 0.2868836 0.1901340 0.0421277 0.0000000 2.1666383 0.0857082 0.0871132 0.4870785 3.1772944 0.0777717 0.0763341 0.1012557 2.3290897 0.7427473 1.5177673 0.1603522 0.2662642 0.2477161 0.6393131 0.4319793 
Laganum_fudsiyama          2.0064398 1.6106462 2.1411028 1.8050504 1.6538237 3.0474473 1.6031630 1.0765629 2.2724591 0.4230876 1.9450781 2.1666383 0.0000000 1.8080329 1.9799450 2.1060475 2.9522657 2.1429189 2.0315942 1.8647558 0.7662885 2.5201390 1.5428026 1.4271767 0.4899413 0.5600227 0.2974528 0.4390640 
Lanthonia_longifissa       1.8956431 1.5417541 1.9865355 0.3654323 1.9286773 2.6257949 0.2524546 0.4014558 0.2656724 0.2082952 0.0730671 0.0857082 1.8080329 0.0000000 0.1096593 0.5107041 2.7124026 0.0823445 0.0961895 0.1126162 2.0055613 0.7607111 1.2232198 0.1657164 0.2657866 0.2650180 0.6173536 0.3849064 
Leodia_sexiesperforata     2.3159815 1.6920273 2.4409925 0.3890029 2.4247004 2.7029757 0.2699328 0.4203999 0.2949115 0.1751692 0.0769500 0.0871132 1.9799450 0.1096593 0.0000000 0.5201575 3.1381516 0.0931938 0.1046199 0.1223397 2.1423351 0.8185890 1.4485422 0.1811529 0.3214915 0.2817645 0.5946536 0.4115150 
Linopneustes_longispinus   2.2929838 1.8228694 1.7532484 0.5086923 1.6065617 2.3102847 0.4488139 0.5648982 0.4604430 0.4553872 0.5045057 0.4870785 2.1060475 0.5107041 0.5201575 0.0000000 1.2684857 0.4983904 0.4922440 0.4942838 2.2063985 2.2930409 1.5643592 0.5145798 0.5756556 0.6987311 0.7638970 0.4685100 
Maretia_planulata          3.2398236 2.6573530 2.5410361 2.7715680 2.7857897 3.4216830 2.0497550 2.3362716 2.5319157 0.4816447 2.8142200 3.1772944 2.9522657 2.7124026 3.1381516 1.2684857 0.0000000 3.1274513 2.8493756 2.5826365 2.9500616 2.9893580 2.4042933 3.0270186 0.6389649 0.6154333 0.6444287 0.6207937 
Mellita_isometra           2.1261941 1.7322384 2.1678788 0.3546157 2.1695942 2.7255730 0.2608811 0.4271292 0.2880555 0.1871653 0.0767610 0.0777717 2.1429189 0.0823445 0.0931938 0.4983904 3.1274513 0.0000000 0.0650538 0.1049331 2.1216509 0.7435869 1.6054179 0.1576580 0.3065997 0.2498089 0.6740493 0.4644241 
Mellita_notabilis          2.0490733 1.6327797 1.8839829 0.3374033 1.9219566 2.5211721 0.2529540 0.4130954 0.2858024 0.1982422 0.0802515 0.0763341 2.0315942 0.0961895 0.1046199 0.4922440 2.8493756 0.0650538 0.0000000 0.1005607 1.9676531 0.8610333 1.3917988 0.1547228 0.3176415 0.2814312 0.5944757 0.4294641 
Mellitella_stokesii        1.8806970 1.6082152 2.0384730 0.3656455 1.9702728 2.7004490 0.2430362 0.3986104 0.2760744 0.1754610 0.0969169 0.1012557 1.8647558 0.1126162 0.1223397 0.4942838 2.5826365 0.1049331 0.1005607 0.0000000 2.0998114 0.8654864 1.4112767 0.1766859 0.3132343 0.3282100 0.6312836 0.4786309 
Peronella_lesueri          2.2257498 1.4115915 2.0445332 1.6319894 1.5001821 3.3512806 1.5115627 0.9079893 1.9457388 0.3909904 2.0573289 2.3290897 0.7662885 2.0055613 2.1423351 2.2063985 2.9500616 2.1216509 1.9676531 2.0998114 0.0000000 2.3800479 1.3921132 1.4441970 0.5259833 0.5656816 0.1160747 0.3927037 
Scaphechinus_mirabilis     1.9803642 1.5320368 2.2032326 2.4773836 2.0166364 3.2574614 1.4330547 1.7427643 1.4866558 0.1910175 0.6750545 0.7427473 2.5201390 0.7607111 0.8185890 2.2930409 2.9893580 0.7435869 0.8610333 0.8654864 2.3800479 0.0000000 1.5820052 0.6197769 0.2588418 0.1976925 0.6914998 0.5091308 
Sculpsitechinus_auritus    2.4110252 0.5280029 1.6401978 1.3066987 1.2147198 2.5127624 1.2309286 1.6264638 0.6307312 0.2701614 1.3595364 1.5177673 1.5428026 1.2232198 1.4485422 1.5643592 2.4042933 1.6054179 1.3917988 1.4112767 1.3921132 1.5820052 0.0000000 0.9990959 0.3839158 0.4693345 0.5459579 0.3125691 
Sinaechinocyamus_mai       1.7798260 1.0367813 2.0337530 0.3717866 1.4542430 2.9018664 0.2505632 0.4015231 0.2697220 0.2477012 0.1471016 0.1603522 1.4271767 0.1657164 0.1811529 0.5145798 3.0270186 0.1576580 0.1547228 0.1766859 1.4441970 0.6197769 0.9990959 0.0000000 0.2271158 0.1917292 0.5600337 0.4369610 
Dendraster_excentricus     0.5286126 0.4778341 0.4918327 0.6066367 0.4892307 0.7556591 0.4802189 0.5248839 0.4070245 9.0000000 0.2653234 0.2662642 0.4899413 0.2657866 0.3214915 0.5756556 0.6389649 0.3065997 0.3176415 0.3132343 0.5259833 0.2588418 0.3839158 0.2271158 0.0000000 0.1757719 0.6447322 0.4705330 
Echinarachnius_parma       0.5057681 0.4911395 0.6477823 0.7585383 0.6545114 0.8647474 0.4909498 0.5932225 0.4622443 9.0000000 0.2511159 0.2477161 0.5600227 0.2650180 0.2817645 0.6987311 0.6154333 0.2498089 0.2814312 0.3282100 0.5656816 0.1976925 0.4693345 0.1917292 0.1757719 0.0000000 0.6910465 0.4882802 
Peronella_japonica         0.5589133 0.5459590 0.5651382 0.6233975 0.6151785 0.8348034 0.5308168 0.4504646 0.5205478 9.0000000 0.6146602 0.6393131 0.2974528 0.6173536 0.5946536 0.7638970 0.6444287 0.6740493 0.5944757 0.6312836 0.1160747 0.6914998 0.5459579 0.5600337 0.6447322 0.6910465 0.0000000 0.5396897 
Rhyncholampas_pacificus    0.4811233 0.3539392 0.4420189 0.4913697 0.4419041 0.5290895 0.2622477 0.5052297 0.3240483 9.0000000 0.4132408 0.4319793 0.4390640 0.3849064 0.4115150 0.4685100 0.6207937 0.4644241 0.4294641 0.4786309 0.3927037 0.5091308 0.3125691 0.4369610 0.4705330 0.4882802 0.5396897 0.0000000 
