28
Arachnoides_placenta       0.0000000 2.3961884 1.6679228 1.8565815 1.7407565 2.9537425 1.3929223 1.7771640 2.1365663 0.2627746 1.7320437 1.9493518 1.8285233 1.7224844 2.0918040 2.1006223 2.9459889 1.9271391 1.8584595 1.7019721 2.0285953 1.7967195 2.1945617 1.6208441 0.5115379 0.4895566 0.5416037 0.4651697 
Astriclypeus_mannii        2.3961884 0.0000000 1.7583771 1.4195834 1.2936662 2.6737655 1.1756435 1.8681540 0.7596525 0.2389223 1.5216399 1.6309738 1.4817148 1.4082990 1.5426890 1.6823144 2.4223987 1.5810123 1.4891503 1.4638054 1.3026281 1.3987676 0.4909249 0.9564134 0.4632063 0.4762878 0.5288426 0.3421691 
Clypeaster_japonicus       1.6679228 1.7583771 0.0000000 0.4402956 0.0569883 2.4612648 1.2296748 1.6807090 1.4055963 0.2820384 1.9962664 2.1355062 1.9598215 1.8061464 2.2061507 1.6342855 2.3258721 1.9690442 1.7137002 1.8478253 1.8674543 1.9978104 1.5010652 1.8535420 0.4760642 0.6282261 0.5468380 0.4274938 
Clypeaster_reticulatus     1.8565815 1.4195834 0.4402956 0.0000000 0.3129374 2.5300717 0.2737601 0.3967418 0.3228208 0.2916834 0.3501443 0.3660367 1.6589476 0.3552188 0.3783098 0.4874088 2.5369825 0.3451049 0.3282953 0.3555338 1.4981809 2.2553128 1.2098467 0.3630888 0.5884720 0.7372334 0.6029736 0.4758971 
Clypeaster_virescens       1.7407565 1.2936662 0.0569883 0.3129374 0.0000000 2.4592694 1.3867048 1.6234194 1.3567412 0.2657054 1.8919077 2.0889703 1.5282532 1.7597349 2.2070727 1.5048517 2.5455021 1.9741811 1.7512024 1.7980014 1.3843350 1.8415541 1.1265176 1.3384326 0.4734377 0.6347135 0.5965313 0.4278543 
Colobocentrotus_mertensii  2.9537425 2.6737655 2.4612648 2.5300717 2.4592694 0.0000000 2.1142593 2.5538716 2.6186650 0.4726067 2.5880893 2.7147619 2.7945867 2.4011220 2.4967908 2.1289242 3.1286814 2.4936567 2.3066893 2.4638041 3.0496212 2.9774329 2.3146332 2.6552832 0.7338246 0.8418906 0.8095701 0.5123516 
Conolampas_sigsbei         1.3929223 1.1756435 1.2296748 0.2737601 1.3867048 2.1142593 0.0000000 0.3337183 0.2656343 0.0189657 0.2391951 0.2517471 1.4732539 0.2440226 0.2609527 0.4286976 1.8765000 0.2527520 0.2447086 0.2348563 1.3900634 1.3119320 1.1358274 0.2456751 0.4648420 0.4765799 0.5146821 0.2542656 
Echinocyamus_pusillus      1.7771640 1.8681540 1.6807090 0.3967418 1.6234194 2.5538716 0.3337183 0.0000000 0.3971372 0.3156273 0.3810207 0.3876265 0.9988721 0.3937575 0.4118591 0.5242622 2.1425969 0.4124241 0.4042388 0.3839101 0.8457738 1.5998079 1.4975460 0.3840540 0.5073418 0.5752087 0.4369479 0.4888346 
Echinodiscus_bisperforatus 2.1365663 0.7596525 1.4055963 0.3228208 1.3567412 2.6186650 0.2656343 0.3971372 0.0000000 0.2887458 0.2634053 0.2790650 2.0725876 0.2581549 0.2866500 0.4451940 2.3104088 0.2797049 0.2774454 0.2679601 1.7782245 1.3605288 0.5830001 0.2639900 0.3939785 0.4482333 0.5024205 0.3127066 
Echinolampas_crassa        0.2627746 0.2389223 0.2820384 0.2916834 0.2657054 0.4726067 0.0189657 0.3156273 0.2887458 0.0000000 0.1949833 0.2090094 0.4192553 0.2273854 0.1922850 0.4351780 0.4807431 0.2036644 0.2366939 0.1886449 0.3894803 0.1887174 0.2668806 0.2443784 9.0000000 9.0000000 9.0000000 9.0000000 
Encope_aberrans            1.7320437 1.5216399 1.9962664 0.3501443 1.8919077 2.5880893 0.2391951 0.3810207 0.2634053 0.1949833 0.0000000 0.0419111 1.7730824 0.0739526 0.0768185 0.4788301 2.5691208 0.0775267 0.0825666 0.0957341 1.8750412 0.6249292 1.2475026 0.1443680 0.2576292 0.2437433 0.5952232 0.3998142 
Encope_grandis             1.9493518 1.6309738 2.1355062 0.3660367 2.0889703 2.7147619 0.2517471 0.3876265 0.2790650 0.2090094 0.0419111 0.0000000 1.9779430 0.0866827 0.0873236 0.4624387 2.8962259 0.0772334 0.0787543 0.1007396 2.1261282 0.6849617 1.3891889 0.1572471 0.2583699 0.2404734 0.6193326 0.4176722 
Laganum_fudsiyama          1.8285233 1.4817148 1.9598215 1.6589476 1.5282532 2.7945867 1.4732539 0.9988721 2.0725876 0.4192553 1.7730824 1.9779430 0.0000000 1.6516596 1.8144997 1.9341909 2.6946756 1.9551002 1.8504170 1.7006191 0.7158454 2.2933648 1.4305299 1.3137086 0.4740620 0.5420021 0.2877082 0.4234996 
Lanthonia_longifissa       1.7224844 1.4082990 1.8061464 0.3552188 1.7597349 2.4011220 0.2440226 0.3937575 0.2581549 0.2273854 0.0739526 0.0866827 1.6516596 0.0000000 0.1090286 0.4848677 2.4729431 0.0830255 0.0979845 0.1126532 1.8317046 0.7003422 1.1219632 0.1623174 0.2578851 0.2572421 0.5976803 0.3723537 
Leodia_sexiesperforata     2.0918040 1.5426890 2.2061507 0.3783098 2.2070727 2.4967908 0.2609527 0.4118591 0.2866500 0.1922850 0.0768185 0.0873236 1.8144997 0.1090286 0.0000000 0.4987601 2.8588556 0.0941288 0.1070114 0.1205993 1.9621133 0.7548009 1.3270214 0.1777592 0.3119311 0.2737998 0.5760570 0.3983492 
Linopneustes_longispinus   2.1006223 1.6823144 1.6342855 0.4874088 1.5048517 2.1289242 0.4286976 0.5242622 0.4451940 0.4351780 0.4788301 0.4624387 1.9341909 0.4848677 0.4987601 0.0000000 1.1889644 0.4737420 0.4677387 0.4691239 2.0351973 2.1039772 1.4450770 0.4922477 0.5582411 0.6782775 0.7415414 0.4537948 
Maretia_planulata          2.9459889 2.4223987 2.3258721 2.5369825 2.5455021 3.1286814 1.8765000 2.1425969 2.3104088 0.4807431 2.5691208 2.8962259 2.6946756 2.4729431 2.8588556 1.1889644 0.0000000 2.8491936 2.6000373 2.3543351 2.6965180 2.7271335 2.1982661 2.7588238 0.6199302 0.5967912 0.6260974 0.6012927 
Mellita_isometra           1.9271391 1.5810123 1.9690442 0.3451049 1.9741811 2.4936567 0.2527520 0.4124241 0.2797049 0.2036644 0.0775267 0.0772334 1.9551002 0.0830255 0.0941288 0.4737420 2.8491936 0.0000000 0.0666967 0.1034693 1.9375468 0.6860205 1.4676489 0.1546323 0.2975687 0.2426035 0.6534618 0.4490161 
Mellita_notabilis          1.8584595 1.4891503 1.7137002 0.3282953 1.7512024 2.3066893 0.2447086 0.4042388 0.2774454 0.2366939 0.0825666 0.0787543 1.8504170 0.0979845 0.1070114 0.4677387 2.6000373 0.0666967 0.0000000 0.1016024 1.7928665 0.7908985 1.2766449 0.1517489 0.3079173 0.2731364 0.5752228 0.4142333 
Mellitella_stokesii        1.7019721 1.4638054 1.8478253 0.3555338 1.7980014 2.4638041 0.2348563 0.3839101 0.2679601 0.1886449 0.0957341 0.1007396 1.7006191 0.1126532 0.1205993 0.4691239 2.3543351 0.1034693 0.1016024 0.0000000 1.9153872 0.7964627 1.2924855 0.1730407 0.3036620 0.3187672 0.6105855 0.4622953 
Peronella_lesueri          2.0285953 1.3026281 1.8674543 1.4981809 1.3843350 3.0496212 1.3900634 0.8457738 1.7782245 0.3894803 1.8750412 2.1261282 0.7158454 1.8317046 1.9621133 2.0351973 2.6965180 1.9375468 1.7928665 1.9153872 0.0000000 2.1713461 1.2870710 1.3294766 0.5089632 0.5478067 0.1125937 0.3794540 
Scaphechinus_mirabilis     1.7967195 1.3987676 1.9978104 2.2553128 1.8415541 2.9774329 1.3119320 1.5998079 1.3605288 0.1887174 0.6249292 0.6849617 2.2933648 0.7003422 0.7548009 2.1039772 2.7271335 0.6860205 0.7908985 0.7964627 2.1713461 0.0000000 1.4492450 0.5741183 0.2511244 0.1918774 0.6713237 0.4930695 
Sculpsitechinus_auritus    2.1945617 0.4909249 1.5010652 1.2098467 1.1265176 2.3146332 1.1358274 1.4975460 0.5830001 0.2668806 1.2475026 1.3891889 1.4305299 1.1219632 1.3270214 1.4450770 2.1982661 1.4676489 1.2766449 1.2924855 1.2870710 1.4492450 0.0000000 0.9245389 0.3721827 0.4558551 0.5284366 0.3026861 
Sinaechinocyamus_mai       1.6208441 0.9564134 1.8535420 0.3630888 1.3384326 2.6552832 0.2456751 0.3840540 0.2639900 0.2443784 0.1443680 0.1572471 1.3137086 0.1623174 0.1777592 0.4922477 2.7588238 0.1546323 0.1517489 0.1730407 1.3294766 0.5741183 0.9245389 0.0000000 0.2197550 0.1854684 0.5419450 0.4224079 
Dendraster_excentricus     0.5115379 0.4632063 0.4760642 0.5884720 0.4734377 0.7338246 0.4648420 0.5073418 0.3939785 9.0000000 0.2576292 0.2583699 0.4740620 0.2578851 0.3119311 0.5582411 0.6199302 0.2975687 0.3079173 0.3036620 0.5089632 0.2511244 0.3721827 0.2197550 0.0000000 0.1704717 0.6263126 0.4543447 
Echinarachnius_parma       0.4895566 0.4762878 0.6282261 0.7372334 0.6347135 0.8418906 0.4765799 0.5752087 0.4482333 9.0000000 0.2437433 0.2404734 0.5420021 0.2572421 0.2737998 0.6782775 0.5967912 0.2426035 0.2731364 0.3187672 0.5478067 0.1918774 0.4558551 0.1854684 0.1704717 0.0000000 0.6706621 0.4721323 
Peronella_japonica         0.5416037 0.5288426 0.5468380 0.6029736 0.5965313 0.8095701 0.5146821 0.4369479 0.5024205 9.0000000 0.5952232 0.6193326 0.2877082 0.5976803 0.5760570 0.7415414 0.6260974 0.6534618 0.5752228 0.6105855 0.1125937 0.6713237 0.5284366 0.5419450 0.6263126 0.6706621 0.0000000 0.5215133 
Rhyncholampas_pacificus    0.4651697 0.3421691 0.4274938 0.4758971 0.4278543 0.5123516 0.2542656 0.4888346 0.3127066 9.0000000 0.3998142 0.4176722 0.4234996 0.3723537 0.3983492 0.4537948 0.6012927 0.4490161 0.4142333 0.4622953 0.3794540 0.4930695 0.3026861 0.4224079 0.4543447 0.4721323 0.5215133 0.0000000 
